ADDRESS OCCURENCE
17192 1
4280604 3732
4280608 3732
4280612 3732
4280616 3732
4280620 3732
4280624 3732
4280628 3732
4280632 3732
4280636 3732
4280640 3732
4280644 3732
4280648 3732
4280652 3732
4280656 3732
4280660 3732
4280664 3732
4393376 3
4393380 3
4393384 3
4393388 3
4393392 3
4393396 3
4393400 3
4393404 3
4393408 3
4393432 3
4393436 3
4393452 3
4393456 3
4393468 3
4393472 3
4393476 3
4393480 3
4393484 3
4393488 3
4393492 3
4393496 3
4393500 3
4393668 3
4393672 3
4393676 3
4393680 3
4393744 3
4393748 3
4393752 3
4393756 3
4393760 3
4393764 3
4393776 3
4393780 3
4393784 3
4393788 3
4393792 3
4393796 3
4393800 3
4393804 3
4393808 3
4393812 3
4393828 3
4393832 3
4393836 3
4393840 3
4393844 3
4393952 3
4393956 3
4393960 3
4393964 3
4393968 3
4393972 3
4393976 3
4393980 3
4393984 3
4393988 3
4393992 3
4393996 3
4394000 3
4394004 3
4394016 7464
4394020 7464
4394024 7464
4394028 7464
4394032 7464
4394036 7464
4394040 7464
4394044 7464
4394048 7464
4394052 7464
4394056 7464
4394060 7464
4394064 7464
4394068 7464
4394072 7464
4394076 7464
4394080 7464
4394084 7463
4394088 7463
4394092 7463
4394096 7463
4394100 3
4394104 3
4394108 3
4394112 3
4394116 3
4394120 3
4394124 3
4394128 3
4394132 3
4394136 3
4394140 3
4394144 3
4394148 3
4394152 3
4394172 3
4394176 3
4394180 3
4394184 3
4394188 3
4394192 7463
4394196 7463
4394200 7463
4394204 7463
4394208 7463
4394212 7463
4394216 7463
4394220 7463
4394224 7463
4394228 7463
4394232 7463
4394236 7463
4394240 7463
4394244 7463
4394248 7463
4394252 7463
4394328 7463
4394332 7463
4394336 7463
4394340 7463
4394344 7463
4394348 7463
4394352 7464
4394356 7464
4400928 7466
4400932 7466
4400936 7466
4401200 7465
4401204 7465
4401208 29845
4401212 29845
4401216 29845
4401220 29845
4401224 29845
4401228 7466
4401232 7466
4409440 3
4409444 3
4409448 3
4409452 3
4409464 3
4409468 3
268474456 22404
268474460 22401
268474464 9
268474468 3
268474472 9
268474474 3
268479344 3732
268479660 7464
269017264 1
269017265 1
269017266 1
269017267 1
269017268 1
269017269 1
269017270 1
269017271 1
269017272 1
269017273 1
269017274 1
269017275 1
269017276 1
269017277 1
269017278 1
269017279 1
269017280 1
269017281 1
269017282 1
269017283 1
269017284 1
269017285 1
269017286 1
269017287 1
269017288 1
269017289 1
269017290 1
269017291 1
269017292 1
269017293 1
269017294 1
269017295 1
269017296 1
269017297 1
269017298 1
269017299 1
269017300 1
269017301 1
269017302 1
269017303 1
269017304 1
269017305 1
269017306 1
269017307 1
269017308 1
269017309 1
269017310 1
269017311 1
269017312 1
269017313 1
269017314 1
269017315 1
269017316 1
269017317 1
269017318 1
269017319 1
269017320 1
269017321 1
269017322 1
269017323 1
269017324 1
269017325 1
269017326 1
269017327 1
269017328 1
269017329 1
269017330 1
269017331 1
269017332 1
269017333 1
269017334 1
269017335 1
269017336 1
269017337 1
269017338 1
269017339 1
269017340 1
269017341 1
269017342 1
269017343 1
269017344 1
269017345 1
269017346 1
269017347 1
269017348 1
269017349 1
269017350 1
269017351 1
269017352 1
269017353 1
269017354 1
269017355 1
269017356 1
269017357 1
269017358 1
269017359 1
269017360 1
269017361 1
269017362 1
269017363 1
269017364 1
269017365 1
269017366 1
269017367 1
269017368 1
269017369 1
269017370 1
269017371 1
269017372 1
269017373 1
269017374 1
269017375 1
269017376 1
269017377 1
269017378 1
269017379 1
269017380 1
269017381 1
269017382 1
269017383 1
269017384 1
269017385 1
269017386 1
269017387 1
269017388 1
269017389 1
269017390 1
269017391 1
269017392 1
269017393 1
269017394 1
269017395 1
269017396 1
269017397 1
269017398 1
269017399 1
269017400 1
269017401 1
269017402 1
269017403 1
269017404 1
269017405 1
269017406 1
269017407 1
269017408 1
269017409 1
269017410 1
269017411 1
269017412 1
269017413 1
269017414 1
269017415 1
269017416 1
269017417 1
269017418 1
269017419 1
269017420 1
269017421 1
269017422 1
269017423 1
269017424 1
269017425 1
269017426 1
269017427 1
269017428 1
269017429 1
269017430 1
269017431 1
269017432 1
269017433 1
269017434 1
269017435 1
269017436 1
269017437 1
269017438 1
269017439 1
269017440 1
269017441 1
269017442 1
269017443 1
269017444 1
269017445 1
269017446 1
269017447 1
269017448 1
269017449 1
269017450 1
269017451 1
269017452 1
269017453 1
269017454 1
269017455 1
269017456 1
269017457 1
269017458 1
269017459 1
269017460 1
269017461 1
269017462 1
269017463 1
269017464 1
269017465 1
269017466 1
269017467 1
269017468 1
269017469 1
269017470 1
269017471 1
269017472 1
269017473 1
269017474 1
269017475 1
269017476 1
269017477 1
269017478 1
269017479 1
269017480 1
269017481 1
269017482 1
269017483 1
269017484 1
269017485 1
269017486 1
269017487 1
269017488 1
269017489 1
269017490 1
269017491 1
269017492 1
269017493 1
269017494 1
269017495 1
269017496 1
269017497 1
269017498 1
269017499 1
269017500 1
269017501 1
269017502 1
269017503 1
269017504 1
269017505 1
269017506 1
269017507 1
269017508 1
269017509 1
269017510 1
269017511 1
269017512 1
269017513 1
269017514 1
269017515 1
269017516 1
269017517 1
269017518 1
269017519 1
269017520 1
269017521 1
269017522 1
269017523 1
269017524 1
269017525 1
269017526 1
269017527 1
269017528 1
269017529 1
269017530 1
269017531 1
269017532 1
269017533 1
269017534 1
269017535 1
269017536 1
269017537 1
269017538 1
269017539 1
269017540 1
269017541 1
269017542 1
269017543 1
269017544 1
269017545 1
269017546 1
269017547 1
269017548 1
269017549 1
269017550 1
269017551 1
269017552 1
269017553 1
269017554 1
269017555 1
269017556 1
269017557 1
269017558 1
269017559 1
269017560 1
269017561 1
269017562 1
269017563 1
269017564 1
269017565 1
269017566 1
269017567 1
269017568 1
269017569 1
269017570 1
269017571 1
269017572 1
269017573 1
269017574 1
269017575 1
269017576 1
269017577 1
269017578 1
269017579 1
269017580 1
269017581 1
269017582 1
269017583 1
269017584 1
269017585 1
269017586 1
269017587 1
269017588 1
269017589 1
269017590 1
269017591 1
269017592 1
269017593 1
269017594 1
