ADDRESS OCCURENCE
4195404 1
4195408 1
4195412 1
4195416 1
4195420 1
4195432 1
4195436 1
4195440 1
4195444 1
4195448 1
4195452 1
4195456 1
4195460 1
4195464 1
4195468 1
4195472 1
4195476 1
4195480 1
4195484 1
4203008 1
4203012 1
4203016 1
4203020 1
4203024 1
4203028 1
4203032 1
4203036 1
4203040 1
4203044 1
4203048 1
4203052 1
4203056 1
4203060 1
4203064 1
4203068 1
4203072 1
4203076 1
4203080 1
4203084 1
4203088 1
4203092 1
4203096 1
4203100 1
4203104 1
4203108 1
4203208 1
4203212 1
4203216 1
4203220 1
4203224 1
4203228 1
4203232 1
4203236 1
4203240 1
4203244 1
4203248 1
4203252 1
4203276 1
4203280 1
4203284 1
4203288 1
4203292 1
4203296 1
4203300 1
4203304 1
4203308 1
4203312 1
4203316 1
4203320 1
4203324 1
4203328 1
4203332 1
4203336 1
4203340 1
4203588 1
4203592 1
4203596 1
4203600 1
4203604 1
4203608 1
4203612 1
4203628 1
4203632 1
4203636 1
4203640 1
4203644 1
4203648 1
4203664 1
4203668 1
4203672 1
4203676 1
4203680 1
4203684 1
4203688 1
4203692 1
4203696 1
4203700 1
4203704 1
4203708 1
4203712 1
4203716 1
4203720 1
4203724 1
4203728 1
4203732 1
4203736 1
4203740 1
4203744 1
4203748 1
4203752 1
4203756 1
4203760 1
4203764 1
4203768 1
4203772 1
4203776 1
4203780 1
4203784 1
4203788 1
4203792 1
4203796 1
4203800 1
4203804 1
4203808 1
4203812 1
4203816 1
4203820 1
4203824 1
4203828 1
4203832 1
4203836 1
4203840 1
4203844 1
4203848 1
4203852 1
4203856 1
4203860 1
4203864 1
4203868 1
4203872 1
4203876 1
4203880 1
4203884 1
4203888 1
4203892 1
4203896 1
4203900 1
4203904 1
4203908 1
4203912 1
4203916 1
4203920 1
4203924 1
4203928 1
4203936 1
4203940 1
4203944 1
4203960 1
4203964 1
4203968 1
4203972 1
4203976 1
4203980 1
4203984 1
4204004 1
4204008 1
4204012 1
4204016 1
4204020 1
4204024 1
4204028 1
4204032 1
4204036 1
4204040 1
4204044 1
4204048 1
4204052 1
4204056 1
4204060 1
4204064 1
4204068 1
4204072 1
4204076 1
4204080 1
4204084 1
4204088 1
4204092 1
4204096 1
4204100 1
4204104 1
4204108 1
4204112 1
4204116 1
4204120 1
4204124 1
4204128 1
4204132 1
4204136 1
4204140 1
4204144 1
4204148 1
4204152 1
4204156 1
4204160 1
4204164 1
4204200 1
4204204 1
4204208 1
4204212 1
4204216 1
4204220 1
4204224 1
4204228 1
4204232 1
4204236 1
4204240 1
4204244 1
4204248 1
4204252 1
4204256 1
4204260 1
4204264 1
4204268 1
4204272 1
4204276 1
4204280 1
4204284 1
4204288 1
4204296 1
4204300 1
4204304 1
4204308 1
4204312 1
4205808 1
4205812 1
4205816 1
4205820 1
4205824 1
4205828 1
4205832 1
4205836 1
4205840 1
4205844 1
4205848 1
4205852 1
4205856 1
4205860 1
4205864 1
4205868 1
4205872 1
4205876 1
4205880 1
4205884 1
4205888 1
4205892 1
4205896 1
4205900 1
4205904 1
4205908 1
4205912 1
4205916 1
4205920 1
4205924 1
4205928 1
4205932 1
4205936 1
4205940 1
4205944 1
4205948 1
4205952 1
4205956 1
4205960 1
4205964 1
4205968 1
4205972 1
4205976 10
4205980 10
4205984 10
4205988 10
4205992 10
4205996 10
4206000 10
4206004 10
4206008 10
4206012 10
4206016 1
4206020 1
4206024 1
4206028 1
4206032 1
4206036 1
4206040 1
4206044 1
4206048 1
4206052 1
4206056 1
4206060 1
4206064 1
4206068 1
4206072 1
4206076 1
4206080 1
4206084 1
4206088 1
4206092 1
4206096 1
4206100 1
4206104 1
4206108 1
4206112 1
4206116 1
4206120 1
4206124 1
4206128 1
4206132 1
4206136 1
4206140 1
4206144 1
4206148 1
4206152 1
4206156 1
4206160 1
4206164 1
4206168 1
4206172 1
4206176 1
4206180 1
4206184 1
4206188 1
4206192 1
4206196 1
4206740 1
4206744 1
4206748 1
4215056 170
4215060 170
4215064 170
4215068 170
4215072 170
4215076 170
4215080 170
4215084 170
4215088 170
4215092 170
4215096 170
4215100 170
4215104 170
4215108 170
4215112 145
4215116 145
4215120 145
4215124 145
4215128 145
4215132 145
4215136 128
4215140 128
4215144 128
4215148 128
4215152 128
4215156 128
4215160 128
4215164 128
4215168 319
4215172 319
4215176 319
4215180 319
4215184 319
4215188 319
4215192 319
4215196 265
4215200 265
4215204 265
4215208 265
4215212 265
4215216 265
4215220 265
4215224 265
4215228 74
4215232 74
4215236 104
4215240 104
4215244 104
4215248 104
4215252 104
4215256 104
4215260 104
4215264 104
4215268 104
4215272 104
4215276 104
4215280 104
4215284 104
4215288 104
4215292 104
4215296 104
4215300 104
4215304 104
4215308 104
4215312 104
4215316 104
4215320 104
4215324 104
4215328 104
4215332 104
4215336 104
4215340 104
4215344 104
4215348 104
4215352 104
4215356 104
4215360 104
4215364 104
4215368 104
4215372 104
4215376 104
4215380 104
4215384 104
4215388 104
4215392 104
4215396 104
4215400 104
4215404 104
4215408 104
4215412 104
4215416 104
4215420 104
4215424 104
4215428 104
4215432 104
4215436 104
4215440 104
4215444 104
4215448 104
4215452 104
4215456 104
4215460 104
4215464 104
4215468 104
4215472 104
4215476 104
4215480 104
4215484 104
4215488 258
4215492 258
4215496 258
4215500 258
4215504 258
4215508 258
4215512 258
4215516 207
4215520 207
4215524 207
4215528 207
4215532 207
4215536 207
4215540 207
4215544 207
4215548 207
4215552 53
4215556 53
4215560 104
4215564 104
4215568 104
4215572 104
4215576 104
4215580 103
4215584 103
4215588 103
4215592 103
4215596 103
4215600 103
4215604 103
4215608 103
4215612 103
4215616 103
4215620 103
4215624 103
4215628 103
4215632 103
4215636 103
4215640 103
4215644 103
4215648 103
4215652 103
4215656 103
4215660 103
4215664 103
4215668 103
4215672 103
4215676 103
4215680 103
4215684 103
4215688 103
4215692 103
4215696 103
4215700 81
4215704 81
4215708 22
4215712 22
